_C_17b9_636d027d_21 94 0 20 0 0 70 
_C_17b9_636d027d_22 94 0 20 0 0 78 
_C_17b9_636d027d_1f 94 0 20 0 0 60 
_C_17b9_636d027d_20 94 0 20 0 0 68 
_C_28af_636d0e9d_2 8c 0 148 0 0 333d2564 0 206f7574 0 3d25642c 0 6f757432 0 25642c20 0 74313d20 0 2c206f75 0 303d2564 0 206f7574 0 3d25642c 0 54 
_C_28af_636d0e9d_1 84 0 8 0 0 f0 
_C_17b9_636d027d_24 94 0 20 0 0 34 
_C_17b9_636d027d_23 94 0 20 0 0 30 
_C_17b9_636d027d_26 94 0 20 0 0 3c 
_C_17b9_636d027d_25 94 0 20 0 0 38 
_C_17b9_636d027d_1b 94 0 20 0 0 24 
_C_17b9_636d027d_1c 94 0 20 0 0 26 
_C_17b9_636d027d_19 94 0 20 0 0 20 
_C_17b9_636d027d_1a 94 0 20 0 0 22 
_C_17b9_636d027d_1d 94 0 20 0 0 28 
_C_17b9_636d027d_1e 94 0 20 0 0 2a 
_C_17b9_636d027d_14 94 0 20 0 0 14 
_C_17b9_636d027d_15 94 0 20 0 0 16 
_C_17b9_636d027d_12 94 0 20 0 0 10 
_C_17b9_636d027d_13 94 0 20 0 0 12 
_C_17b9_636d027d_18 94 0 20 0 0 1c 
_C_17b9_636d027d_11 94 0 20 0 0 1e 
_C_17b9_636d027d_16 94 0 20 0 0 18 
_C_17b9_636d027d_17 94 0 20 0 0 1a 
_C_17b9_636d027d_5 94 0 20 0 0 4 
_C_17b9_636d027d_6 94 0 20 0 0 5 
_C_17b9_636d027d_7 94 0 20 0 0 6 
_C_17b9_636d027d_8 94 0 20 0 0 7 
_C_17b9_636d027d_1 94 0 20 0 0 0 
_C_17b9_636d027d_2 94 0 20 0 0 1 
_C_17b9_636d027d_3 94 0 20 0 0 2 
_C_17b9_636d027d_4 94 0 20 0 0 3 
_C_17b9_636d027d_d 94 0 20 0 0 c 
_C_17b9_636d027d_e 94 0 20 0 0 d 
_C_17b9_636d027d_f 94 0 20 0 0 e 
_C_17b9_636d027d_10 94 0 20 0 0 f 
_C_17b9_636d027d_9 94 0 20 0 0 8 
_C_17b9_636d027d_a 94 0 20 0 0 9 
_C_17b9_636d027d_b 94 0 20 0 0 a 
_C_17b9_636d027d_c 94 0 20 0 0 b 
