mgc_rve_context_lcv "" "systolic_array" "" 1000
mp 4 13 383.5 79 383.5 79 446.5 13 446.5
mp 4 13 463.5 79 463.5 79 526.5 13 526.5
mp 4 223.53 821 286.53 821 286.53 887 223.53 887
mp 4 303.565 821 366.565 821 366.565 887 303.565 887
mp 4 373.6 13 436.6 13 436.6 79 373.6 79
mp 4 453.635 13 516.635 13 516.635 79 453.635 79
mp 4 533.67 13 596.67 13 596.67 79 533.67 79
mp 4 543.67 821 606.67 821 606.67 887 543.67 887
mp 4 613.7 13 676.7 13 676.7 79 613.7 79
mp 4 693.74 13 756.74 13 756.74 79 693.74 79
mp 4 821.24 373.5 887.24 373.5 887.24 436.5 821.24 436.5
mp 4 821.24 453.5 887.24 453.5 887.24 516.5 821.24 516.5
mgc_rve_zoom -174.337 -174.285 1074.577 1074.285 1
