71
0
9960
25640
41320
57000
72680
88360
104040
119720
135400
151080
166760
182440
198120
213800
229480
245160
260840
276520
292200
307880
323560
339240
354920
370600
386280
401960
417640
433320
449000
464680
480360
496040
511720
527400
543080
558760
574440
590120
605800
621480
637160
652840
668520
684200
699880
715560
731240
746920
762600
778280
793960
809640
825320
841000
856680
872360
888040
903720
919400
935080
950760
966440
982120
997800
1013480
1029160
1044840
1060520
1076200
1091200
70
0
15500
31000
46500
62000
77500
93000
108500
124000
139500
155000
170680
186360
202040
217720
233400
249080
264760
280440
296120
311800
327480
343160
358840
374520
390200
405880
421560
437240
452920
468600
484280
499960
515640
531320
547000
562680
578360
594040
609720
625400
641080
656760
672440
688120
703800
719480
735160
750840
766520
782200
797880
813560
829240
844920
860600
876280
891960
907640
923320
938888
954456
970024
985592
1001160
1016728
1032296
1047864
1063432
1079000
